BASIC ML RESULTS
Apparel_v1_00
        customer_id    product_id  product_parent        ...           total_votes          vine  verified_purchase
count  5.880916e+06  5.880916e+06    5.880916e+06        ...          5.880916e+06  5.880916e+06       5.880916e+06
mean   2.538937e+07  1.005852e+06    5.029057e+08        ...          1.164201e+00  3.960267e-04       8.994226e-01
std    1.576232e+07  6.558017e+05    2.889379e+08        ...          2.125427e+01  1.989648e-02       3.007683e-01
min    1.000300e+04  0.000000e+00    6.650000e+02        ...          0.000000e+00  0.000000e+00       0.000000e+00
25%    1.239620e+07  4.188778e+05    2.520747e+08        ...          0.000000e+00  0.000000e+00       1.000000e+00
50%    2.336939e+07  9.458820e+05    5.049180e+08        ...          0.000000e+00  0.000000e+00       1.000000e+00
75%    4.013499e+07  1.560628e+06    7.551277e+08        ...          1.000000e+00  0.000000e+00       1.000000e+00
max    5.309656e+07  2.295928e+06    9.999979e+08        ...          4.188900e+04  1.000000e+00       1.000000e+00

[8 rows x 8 columns]
Class Attribute: helpful_votes
---- KNN ----
[7. 1. 0. ... 1. 0. 0.]
KNN Accuracy:
0.660206600444942
[[1139508  107296   32113 ...       0       0       0]
 [ 189804   21940    6435 ...       0       0       0]
 [  63402    7251    2297 ...       0       0       0]
 ...
 [      0       0       0 ...       0       0       0]
 [      0       0       0 ...       0       0       0]
 [      0       0       0 ...       0       0       0]]
             precision    recall  f1-score   support

        0.0       0.76      0.86      0.81   1330741
        1.0       0.15      0.10      0.12    228418
        2.0       0.05      0.03      0.04     76777
        3.0       0.03      0.02      0.02     37923
        4.0       0.02      0.01      0.01     21611
        5.0       0.01      0.01      0.01     14005
        6.0       0.01      0.01      0.01      9288
        7.0       0.01      0.00      0.01      6851
        8.0       0.00      0.00      0.00      5322
        9.0       0.00      0.00      0.00      4140
       10.0       0.00      0.00      0.00      3208
       11.0       0.00      0.00      0.00      2705
       12.0       0.00      0.00      0.00      2214
       13.0       0.00      0.00      0.00      1966
       14.0       0.00      0.00      0.00      1634
       15.0       0.00      0.00      0.00      1410
       16.0       0.00      0.00      0.00      1180
       17.0       0.00      0.00      0.00      1055
       18.0       0.00      0.00      0.00       995
       19.0       0.00      0.00      0.00       840
       20.0       0.00      0.00      0.00       798
       21.0       0.00      0.00      0.00       706
       22.0       0.00      0.00      0.00       619
       23.0       0.00      0.00      0.00       557
       24.0       0.00      0.00      0.00       511
       25.0       0.00      0.00      0.00       509
       26.0       0.00      0.00      0.00       424
       27.0       0.00      0.00      0.00       411
       28.0       0.00      0.00      0.00       362
       29.0       0.00      0.00      0.00       342
       30.0       0.00      0.00      0.00       314
       31.0       0.00      0.00      0.00       285
       32.0       0.00      0.00      0.00       294
       33.0       0.00      0.00      0.00       218
       34.0       0.00      0.00      0.00       238
       35.0       0.00      0.00      0.00       202
       36.0       0.00      0.00      0.00       186
       37.0       0.00      0.00      0.00       202
       38.0       0.00      0.00      0.00       156
       39.0       0.00      0.00      0.00       174
       40.0       0.00      0.00      0.00       161
       41.0       0.00      0.00      0.00       150
       42.0       0.00      0.00      0.00       145
       43.0       0.00      0.00      0.00       129
       44.0       0.00      0.00      0.00       141
       45.0       0.00      0.00      0.00       111
       46.0       0.00      0.00      0.00       124
       47.0       0.00      0.00      0.00       130
       48.0       0.00      0.00      0.00       109
       49.0       0.00      0.00      0.00       105
       50.0       0.00      0.00      0.00        90
       51.0       0.00      0.00      0.00        97
       52.0       0.00      0.00      0.00        76
       53.0       0.00      0.00      0.00        84
       54.0       0.00      0.00      0.00        77
       55.0       0.00      0.00      0.00        80
       56.0       0.00      0.00      0.00        72
       57.0       0.00      0.00      0.00        64
       58.0       0.00      0.00      0.00        68
       59.0       0.00      0.00      0.00        64
       60.0       0.00      0.00      0.00        57
       61.0       0.00      0.00      0.00        56
       62.0       0.00      0.00      0.00        53
       63.0       0.00      0.00      0.00        63
       64.0       0.00      0.00      0.00        48
       65.0       0.00      0.00      0.00        50
       66.0       0.00      0.00      0.00        47
       67.0       0.00      0.00      0.00        52
       68.0       0.00      0.00      0.00        43
       69.0       0.00      0.00      0.00        33
       70.0       0.00      0.00      0.00        47
       71.0       0.00      0.00      0.00        49
       72.0       0.00      0.00      0.00        53
       73.0       0.00      0.00      0.00        27
       74.0       0.00      0.00      0.00        39
       75.0       0.00      0.00      0.00        36
       76.0       0.00      0.00      0.00        25
       77.0       0.00      0.00      0.00        30
       78.0       0.00      0.00      0.00        47
       79.0       0.00      0.00      0.00        35
       80.0       0.00      0.00      0.00        35
       81.0       0.00      0.00      0.00        39
       82.0       0.00      0.00      0.00        28
       83.0       0.00      0.00      0.00        38
       84.0       0.00      0.00      0.00        36
       85.0       0.00      0.00      0.00        17
       86.0       0.00      0.00      0.00        27
       87.0       0.00      0.00      0.00        23
       88.0       0.00      0.00      0.00        27
       89.0       0.00      0.00      0.00        24
       90.0       0.00      0.00      0.00        31
       91.0       0.00      0.00      0.00        18
       92.0       0.00      0.00      0.00        16
       93.0       0.00      0.00      0.00        22
       94.0       0.00      0.00      0.00        22
       95.0       0.00      0.00      0.00        22
       96.0       0.00      0.00      0.00        22
       97.0       0.00      0.00      0.00        14
       98.0       0.00      0.00      0.00        16
       99.0       0.00      0.00      0.00        19
      100.0       0.00      0.00      0.00        22
      101.0       0.00      0.00      0.00        21
      102.0       0.00      0.00      0.00        12
      103.0       0.00      0.00      0.00        13
      104.0       0.00      0.00      0.00        14
      105.0       0.00      0.00      0.00        18
      106.0       0.00      0.00      0.00        15
      107.0       0.00      0.00      0.00        17
      108.0       0.00      0.00      0.00        18
      109.0       0.00      0.00      0.00        14
      110.0       0.00      0.00      0.00        13
      111.0       0.00      0.00      0.00        17
      112.0       0.00      0.00      0.00        10
      113.0       0.00      0.00      0.00        10
      114.0       0.00      0.00      0.00        13
      115.0       0.00      0.00      0.00        19
      116.0       0.00      0.00      0.00        12
      117.0       0.00      0.00      0.00        13
      118.0       0.00      0.00      0.00         9
      119.0       0.00      0.00      0.00        14
      120.0       0.00      0.00      0.00         9
      121.0       0.00      0.00      0.00         7
      122.0       0.00      0.00      0.00         7
      123.0       0.00      0.00      0.00        13
      124.0       0.00      0.00      0.00         7
      125.0       0.00      0.00      0.00         8
      126.0       0.00      0.00      0.00         8
      127.0       0.00      0.00      0.00         7
      128.0       0.00      0.00      0.00         7
      129.0       0.00      0.00      0.00        10
      130.0       0.00      0.00      0.00        11
      131.0       0.00      0.00      0.00         7
      132.0       0.00      0.00      0.00         4
      133.0       0.00      0.00      0.00         8
      134.0       0.00      0.00      0.00         6
      135.0       0.00      0.00      0.00         7
      136.0       0.00      0.00      0.00         8
      137.0       0.00      0.00      0.00         5
      138.0       0.00      0.00      0.00         6
      139.0       0.00      0.00      0.00         6
      140.0       0.00      0.00      0.00         6
      141.0       0.00      0.00      0.00         8
      142.0       0.00      0.00      0.00         7
      143.0       0.00      0.00      0.00         5
      144.0       0.00      0.00      0.00        10
      145.0       0.00      0.00      0.00         7
      146.0       0.00      0.00      0.00        11
      147.0       0.00      0.00      0.00         4
      148.0       0.00      0.00      0.00         3
      149.0       0.00      0.00      0.00         7
      150.0       0.00      0.00      0.00         5
      151.0       0.00      0.00      0.00         2
      152.0       0.00      0.00      0.00         5
      153.0       0.00      0.00      0.00         9
      154.0       0.00      0.00      0.00         6
      155.0       0.00      0.00      0.00         6
      156.0       0.00      0.00      0.00         2
      157.0       0.00      0.00      0.00         3
      158.0       0.00      0.00      0.00         7
      159.0       0.00      0.00      0.00        10
      160.0       0.00      0.00      0.00         7
      161.0       0.00      0.00      0.00         5
      162.0       0.00      0.00      0.00         5
      163.0       0.00      0.00      0.00         7
      164.0       0.00      0.00      0.00         5
      165.0       0.00      0.00      0.00         3
      166.0       0.00      0.00      0.00         6
      167.0       0.00      0.00      0.00         2
      168.0       0.00      0.00      0.00         4
      169.0       0.00      0.00      0.00         4
      170.0       0.00      0.00      0.00         4
      171.0       0.00      0.00      0.00         6
      172.0       0.00      0.00      0.00         5
      173.0       0.00      0.00      0.00         6
      174.0       0.00      0.00      0.00         2
      175.0       0.00      0.00      0.00         3
      176.0       0.00      0.00      0.00         1
      177.0       0.00      0.00      0.00         4
      178.0       0.00      0.00      0.00         3
      179.0       0.00      0.00      0.00         1
      180.0       0.00      0.00      0.00         7
      181.0       0.00      0.00      0.00         5
      182.0       0.00      0.00      0.00         3
      183.0       0.00      0.00      0.00         2
      184.0       0.00      0.00      0.00         5
      185.0       0.00      0.00      0.00         1
      186.0       0.00      0.00      0.00         6
      187.0       0.00      0.00      0.00         2
      188.0       0.00      0.00      0.00         6
      189.0       0.00      0.00      0.00         2
      190.0       0.00      0.00      0.00         1
      191.0       0.00      0.00      0.00         4
      192.0       0.00      0.00      0.00         3
      193.0       0.00      0.00      0.00         2
      194.0       0.00      0.00      0.00         1
      195.0       0.00      0.00      0.00         3
      196.0       0.00      0.00      0.00         2
      197.0       0.00      0.00      0.00         4
      198.0       0.00      0.00      0.00         1
      199.0       0.00      0.00      0.00         6
      200.0       0.00      0.00      0.00         4
      201.0       0.00      0.00      0.00         3
      202.0       0.00      0.00      0.00         2
      203.0       0.00      0.00      0.00         6
      204.0       0.00      0.00      0.00         0
      205.0       0.00      0.00      0.00         5
      206.0       0.00      0.00      0.00         4
      207.0       0.00      0.00      0.00         3
      208.0       0.00      0.00      0.00         4
      209.0       0.00      0.00      0.00         4
      211.0       0.00      0.00      0.00         3
      212.0       0.00      0.00      0.00         5
      213.0       0.00      0.00      0.00         1
      214.0       0.00      0.00      0.00         1
      215.0       0.00      0.00      0.00         6
      216.0       0.00      0.00      0.00         3
      217.0       0.00      0.00      0.00         1
      218.0       0.00      0.00      0.00         6
      219.0       0.00      0.00      0.00         0
      220.0       0.00      0.00      0.00         2
      221.0       0.00      0.00      0.00         1
      222.0       0.00      0.00      0.00         2
      223.0       0.00      0.00      0.00         1
      224.0       0.00      0.00      0.00         4
      225.0       0.00      0.00      0.00         4
      226.0       0.00      0.00      0.00         3
      227.0       0.00      0.00      0.00         2
      229.0       0.00      0.00      0.00         3
      230.0       0.00      0.00      0.00         1
      231.0       0.00      0.00      0.00         2
      232.0       0.00      0.00      0.00         2
      233.0       0.00      0.00      0.00         2
      234.0       0.00      0.00      0.00         1
      235.0       0.00      0.00      0.00         3
      236.0       0.00      0.00      0.00         1
      237.0       0.00      0.00      0.00         2
      238.0       0.00      0.00      0.00         2
      239.0       0.00      0.00      0.00         2
      240.0       0.00      0.00      0.00         3
      241.0       0.00      0.00      0.00         1
      242.0       0.00      0.00      0.00         3
      243.0       0.00      0.00      0.00         2
      244.0       0.00      0.00      0.00         0
      245.0       0.00      0.00      0.00         1
      246.0       0.00      0.00      0.00         4
      247.0       0.00      0.00      0.00         3
      249.0       0.00      0.00      0.00         2
      250.0       0.00      0.00      0.00         1
      251.0       0.00      0.00      0.00         1
      252.0       0.00      0.00      0.00         2
      253.0       0.00      0.00      0.00         0
      254.0       0.00      0.00      0.00         3
      255.0       0.00      0.00      0.00         2
      257.0       0.00      0.00      0.00         1
      258.0       0.00      0.00      0.00         2
      259.0       0.00      0.00      0.00         3
      261.0       0.00      0.00      0.00         4
      262.0       0.00      0.00      0.00         3
      263.0       0.00      0.00      0.00         2
      264.0       0.00      0.00      0.00         2
      265.0       0.00      0.00      0.00         2
      267.0       0.00      0.00      0.00         1
      268.0       0.00      0.00      0.00         2
      269.0       0.00      0.00      0.00         1
      270.0       0.00      0.00      0.00         4
      271.0       0.00      0.00      0.00         0
      273.0       0.00      0.00      0.00         1
      275.0       0.00      0.00      0.00         0
      277.0       0.00      0.00      0.00         2
      278.0       0.00      0.00      0.00         1
      279.0       0.00      0.00      0.00         0
      280.0       0.00      0.00      0.00         1
      282.0       0.00      0.00      0.00         1
      283.0       0.00      0.00      0.00         1
      284.0       0.00      0.00      0.00         1
      285.0       0.00      0.00      0.00         2
      286.0       0.00      0.00      0.00         3
      287.0       0.00      0.00      0.00         2
      288.0       0.00      0.00      0.00         1
      289.0       0.00      0.00      0.00         1
      291.0       0.00      0.00      0.00         0
      294.0       0.00      0.00      0.00         1
      295.0       0.00      0.00      0.00         0
      296.0       0.00      0.00      0.00         1
      299.0       0.00      0.00      0.00         2
      300.0       0.00      0.00      0.00         1
      301.0       0.00      0.00      0.00         1
      302.0       0.00      0.00      0.00         0
      304.0       0.00      0.00      0.00         1
      307.0       0.00      0.00      0.00         4
      308.0       0.00      0.00      0.00         1
      309.0       0.00      0.00      0.00         2
      310.0       0.00      0.00      0.00         0
      311.0       0.00      0.00      0.00         0
      313.0       0.00      0.00      0.00         1
      314.0       0.00      0.00      0.00         2
      315.0       0.00      0.00      0.00         2
      316.0       0.00      0.00      0.00         2
      317.0       0.00      0.00      0.00         1
      320.0       0.00      0.00      0.00         1
      321.0       0.00      0.00      0.00         2
      323.0       0.00      0.00      0.00         0
      324.0       0.00      0.00      0.00         0
      325.0       0.00      0.00      0.00         2
      326.0       0.00      0.00      0.00         0
      327.0       0.00      0.00      0.00         2
      328.0       0.00      0.00      0.00         2
      330.0       0.00      0.00      0.00         1
      331.0       0.00      0.00      0.00         0
      332.0       0.00      0.00      0.00         2
      333.0       0.00      0.00      0.00         1
      334.0       0.00      0.00      0.00         0
      336.0       0.00      0.00      0.00         1
      337.0       0.00      0.00      0.00         0
      338.0       0.00      0.00      0.00         1
      340.0       0.00      0.00      0.00         1
      341.0       0.00      0.00      0.00         1
      342.0       0.00      0.00      0.00         1
      343.0       0.00      0.00      0.00         2
      346.0       0.00      0.00      0.00         1
      347.0       0.00      0.00      0.00         1
      348.0       0.00      0.00      0.00         1
      349.0       0.00      0.00      0.00         1
      350.0       0.00      0.00      0.00         0
      351.0       0.00      0.00      0.00         0
      353.0       0.00      0.00      0.00         0
      355.0       0.00      0.00      0.00         2
      360.0       0.00      0.00      0.00         0
      363.0       0.00      0.00      0.00         0
      364.0       0.00      0.00      0.00         0
      367.0       0.00      0.00      0.00         1
      370.0       0.00      0.00      0.00         0
      371.0       0.00      0.00      0.00         1
      373.0       0.00      0.00      0.00         2
      375.0       0.00      0.00      0.00         0
      378.0       0.00      0.00      0.00         1
      380.0       0.00      0.00      0.00         2
      382.0       0.00      0.00      0.00         1
      383.0       0.00      0.00      0.00         1
      386.0       0.00      0.00      0.00         0
      388.0       0.00      0.00      0.00         1
      389.0       0.00      0.00      0.00         1
      391.0       0.00      0.00      0.00         0
      392.0       0.00      0.00      0.00         1
      398.0       0.00      0.00      0.00         0
      399.0       0.00      0.00      0.00         0
      400.0       0.00      0.00      0.00         1
      407.0       0.00      0.00      0.00         1
      408.0       0.00      0.00      0.00         2
      410.0       0.00      0.00      0.00         0
      411.0       0.00      0.00      0.00         0
      412.0       0.00      0.00      0.00         2
      413.0       0.00      0.00      0.00         0
      414.0       0.00      0.00      0.00         1
      417.0       0.00      0.00      0.00         0
      418.0       0.00      0.00      0.00         1
      419.0       0.00      0.00      0.00         0
      421.0       0.00      0.00      0.00         0
      424.0       0.00      0.00      0.00         0
      425.0       0.00      0.00      0.00         1
      427.0       0.00      0.00      0.00         0
      429.0       0.00      0.00      0.00         2
      430.0       0.00      0.00      0.00         0
      431.0       0.00      0.00      0.00         1
      433.0       0.00      0.00      0.00         1
      438.0       0.00      0.00      0.00         0
      439.0       0.00      0.00      0.00         1
      440.0       0.00      0.00      0.00         1
      442.0       0.00      0.00      0.00         1
      443.0       0.00      0.00      0.00         2
      447.0       0.00      0.00      0.00         0
      452.0       0.00      0.00      0.00         1
      460.0       0.00      0.00      0.00         1
      464.0       0.00      0.00      0.00         0
      467.0       0.00      0.00      0.00         1
      469.0       0.00      0.00      0.00         1
      474.0       0.00      0.00      0.00         0
      481.0       0.00      0.00      0.00         0
      487.0       0.00      0.00      0.00         1
      489.0       0.00      0.00      0.00         1
      493.0       0.00      0.00      0.00         1
      497.0       0.00      0.00      0.00         1
      504.0       0.00      0.00      0.00         0
      507.0       0.00      0.00      0.00         1
      508.0       0.00      0.00      0.00         1
      521.0       0.00      0.00      0.00         0
      524.0       0.00      0.00      0.00         0
      530.0       0.00      0.00      0.00         1
      533.0       0.00      0.00      0.00         1
      536.0       0.00      0.00      0.00         0
      537.0       0.00      0.00      0.00         1
      542.0       0.00      0.00      0.00         0
      547.0       0.00      0.00      0.00         1
      555.0       0.00      0.00      0.00         0
      564.0       0.00      0.00      0.00         1
      565.0       0.00      0.00      0.00         0
      568.0       0.00      0.00      0.00         1
      569.0       0.00      0.00      0.00         1
      573.0       0.00      0.00      0.00         1
      611.0       0.00      0.00      0.00         1
      612.0       0.00      0.00      0.00         0
      616.0       0.00      0.00      0.00         0
      626.0       0.00      0.00      0.00         1
      628.0       0.00      0.00      0.00         0
      642.0       0.00      0.00      0.00         0
      643.0       0.00      0.00      0.00         1
      644.0       0.00      0.00      0.00         0
      651.0       0.00      0.00      0.00         1
      654.0       0.00      0.00      0.00         1
      663.0       0.00      0.00      0.00         1
      679.0       0.00      0.00      0.00         0
      681.0       0.00      0.00      0.00         1
      685.0       0.00      0.00      0.00         1
      693.0       0.00      0.00      0.00         1
      703.0       0.00      0.00      0.00         1
      716.0       0.00      0.00      0.00         1
      720.0       0.00      0.00      0.00         0
      724.0       0.00      0.00      0.00         0
      739.0       0.00      0.00      0.00         1
      741.0       0.00      0.00      0.00         1
      744.0       0.00      0.00      0.00         1
      748.0       0.00      0.00      0.00         0
      755.0       0.00      0.00      0.00         1
      758.0       0.00      0.00      0.00         0
      761.0       0.00      0.00      0.00         1
      764.0       0.00      0.00      0.00         1
      766.0       0.00      0.00      0.00         0
      774.0       0.00      0.00      0.00         0
      785.0       0.00      0.00      0.00         0
      805.0       0.00      0.00      0.00         1
      820.0       0.00      0.00      0.00         1
      871.0       0.00      0.00      0.00         0
      878.0       0.00      0.00      0.00         1
      891.0       0.00      0.00      0.00         1
      894.0       0.00      0.00      0.00         1
      919.0       0.00      0.00      0.00         0
      944.0       0.00      0.00      0.00         1
      965.0       0.00      0.00      0.00         1
     1003.0       0.00      0.00      0.00         0
     1047.0       0.00      0.00      0.00         1
     1051.0       0.00      0.00      0.00         0
     1058.0       0.00      0.00      0.00         1
     1064.0       0.00      0.00      0.00         1
     1092.0       0.00      0.00      0.00         1
     1144.0       0.00      0.00      0.00         1
     1329.0       0.00      0.00      0.00         1
     1401.0       0.00      0.00      0.00         1
     1504.0       0.00      0.00      0.00         0
     1652.0       0.00      0.00      0.00         0
     1655.0       0.00      0.00      0.00         0
     1922.0       0.00      0.00      0.00         0
     2277.0       0.00      0.00      0.00         1
     2332.0       0.00      0.00      0.00         0
     2938.0       0.00      0.00      0.00         0
     3024.0       0.00      0.00      0.00         0
     3364.0       0.00      0.00      0.00         0
     3972.0       0.00      0.00      0.00         1
     4531.0       0.00      0.00      0.00         1
     5026.0       0.00      0.00      0.00         0
     5341.0       0.00      0.00      0.00         1
     6894.0       0.00      0.00      0.00         0

avg / total       0.60      0.66      0.63   1764275

---- Decision Tree ----
[0. 0. 0. ... 0. 0. 0.]
DT Accuracy:
0.8496356860466764
[[1266934   54851    5887 ...       0       0       0]
 [  58248  146179   19730 ...       0       0       0]
 [   6242   20451   38596 ...       0       0       0]
 ...
 [      0       0       0 ...       0       0       0]
 [      0       0       0 ...       0       0       0]
 [      0       0       0 ...       0       0       0]]
             precision    recall  f1-score   support

        0.0       0.95      0.95      0.95   1330741
        1.0       0.65      0.64      0.64    228418
        2.0       0.51      0.50      0.50     76777
        3.0       0.47      0.46      0.46     37923
        4.0       0.42      0.42      0.42     21611
        5.0       0.40      0.39      0.40     14005
        6.0       0.37      0.37      0.37      9288
        7.0       0.35      0.34      0.34      6851
        8.0       0.34      0.33      0.33      5322
        9.0       0.32      0.32      0.32      4140
       10.0       0.30      0.31      0.31      3208
       11.0       0.28      0.28      0.28      2705
       12.0       0.27      0.27      0.27      2214
       13.0       0.27      0.26      0.27      1966
       14.0       0.26      0.26      0.26      1634
       15.0       0.25      0.25      0.25      1410
       16.0       0.24      0.25      0.24      1180
       17.0       0.25      0.25      0.25      1055
       18.0       0.23      0.22      0.22       995
       19.0       0.21      0.22      0.22       840
       20.0       0.24      0.23      0.23       798
       21.0       0.21      0.21      0.21       706
       22.0       0.18      0.17      0.18       619
       23.0       0.18      0.19      0.19       557
       24.0       0.19      0.18      0.18       511
       25.0       0.21      0.20      0.21       509
       26.0       0.19      0.17      0.18       424
       27.0       0.17      0.16      0.16       411
       28.0       0.21      0.21      0.21       362
       29.0       0.17      0.18      0.18       342
       30.0       0.17      0.16      0.16       314
       31.0       0.16      0.15      0.16       285
       32.0       0.23      0.21      0.22       294
       33.0       0.15      0.18      0.16       218
       34.0       0.19      0.20      0.19       238
       35.0       0.17      0.22      0.19       202
       36.0       0.14      0.12      0.13       186
       37.0       0.15      0.16      0.16       202
       38.0       0.16      0.19      0.17       156
       39.0       0.17      0.13      0.15       174
       40.0       0.13      0.12      0.13       161
       41.0       0.16      0.17      0.17       150
       42.0       0.21      0.22      0.22       145
       43.0       0.15      0.14      0.14       129
       44.0       0.10      0.09      0.09       141
       45.0       0.14      0.15      0.15       111
       46.0       0.12      0.13      0.12       124
       47.0       0.18      0.16      0.17       130
       48.0       0.11      0.09      0.10       109
       49.0       0.11      0.10      0.10       105
       50.0       0.09      0.11      0.10        90
       51.0       0.11      0.11      0.11        97
       52.0       0.04      0.04      0.04        76
       53.0       0.16      0.18      0.17        84
       54.0       0.10      0.09      0.10        77
       55.0       0.08      0.06      0.07        80
       56.0       0.11      0.11      0.11        72
       57.0       0.06      0.06      0.06        64
       58.0       0.09      0.10      0.10        68
       59.0       0.14      0.14      0.14        64
       60.0       0.07      0.07      0.07        57
       61.0       0.16      0.16      0.16        56
       62.0       0.14      0.15      0.14        53
       63.0       0.07      0.06      0.07        63
       64.0       0.20      0.23      0.21        48
       65.0       0.07      0.06      0.06        50
       66.0       0.09      0.11      0.10        47
       67.0       0.08      0.08      0.08        52
       68.0       0.06      0.07      0.07        43
       69.0       0.03      0.03      0.03        33
       70.0       0.14      0.19      0.16        47
       71.0       0.06      0.04      0.05        49
       72.0       0.11      0.09      0.10        53
       73.0       0.06      0.07      0.07        27
       74.0       0.02      0.03      0.02        39
       75.0       0.00      0.00      0.00        36
       76.0       0.04      0.04      0.04        25
       77.0       0.12      0.20      0.15        30
       78.0       0.11      0.06      0.08        47
       79.0       0.03      0.03      0.03        35
       80.0       0.10      0.11      0.11        35
       81.0       0.06      0.05      0.06        39
       82.0       0.09      0.07      0.08        28
       83.0       0.09      0.05      0.07        38
       84.0       0.12      0.11      0.12        36
       85.0       0.11      0.12      0.11        17
       86.0       0.10      0.11      0.10        27
       87.0       0.05      0.04      0.05        23
       88.0       0.06      0.07      0.07        27
       89.0       0.05      0.04      0.05        24
       90.0       0.15      0.16      0.15        31
       91.0       0.00      0.00      0.00        18
       92.0       0.00      0.00      0.00        16
       93.0       0.04      0.05      0.04        22
       94.0       0.05      0.05      0.05        22
       95.0       0.09      0.09      0.09        22
       96.0       0.17      0.18      0.18        22
       97.0       0.06      0.07      0.06        14
       98.0       0.04      0.06      0.05        16
       99.0       0.00      0.00      0.00        19
      100.0       0.15      0.18      0.17        22
      101.0       0.22      0.10      0.13        21
      102.0       0.12      0.17      0.14        12
      103.0       0.06      0.08      0.06        13
      104.0       0.10      0.07      0.08        14
      105.0       0.08      0.06      0.07        18
      106.0       0.08      0.07      0.07        15
      107.0       0.13      0.12      0.12        17
      108.0       0.06      0.06      0.06        18
      109.0       0.07      0.07      0.07        14
      110.0       0.00      0.00      0.00        13
      111.0       0.06      0.06      0.06        17
      112.0       0.00      0.00      0.00        10
      113.0       0.12      0.20      0.15        10
      114.0       0.00      0.00      0.00        13
      115.0       0.09      0.05      0.07        19
      116.0       0.17      0.17      0.17        12
      117.0       0.00      0.00      0.00        13
      118.0       0.00      0.00      0.00         9
      119.0       0.00      0.00      0.00        14
      120.0       0.00      0.00      0.00         9
      121.0       0.00      0.00      0.00         7
      122.0       0.00      0.00      0.00         7
      123.0       0.00      0.00      0.00        13
      124.0       0.00      0.00      0.00         7
      125.0       0.00      0.00      0.00         8
      126.0       0.00      0.00      0.00         8
      127.0       0.00      0.00      0.00         7
      128.0       0.00      0.00      0.00         7
      129.0       0.00      0.00      0.00        10
      130.0       0.00      0.00      0.00        11
      131.0       0.14      0.14      0.14         7
      132.0       0.14      0.25      0.18         4
      133.0       0.00      0.00      0.00         8
      134.0       0.00      0.00      0.00         6
      135.0       0.00      0.00      0.00         7
      136.0       0.10      0.12      0.11         8
      137.0       0.00      0.00      0.00         5
      138.0       0.00      0.00      0.00         6
      139.0       0.00      0.00      0.00         6
      140.0       0.08      0.17      0.11         6
      141.0       0.12      0.12      0.12         8
      142.0       0.00      0.00      0.00         7
      143.0       0.40      0.40      0.40         5
      144.0       0.00      0.00      0.00        10
      145.0       0.25      0.14      0.18         7
      146.0       0.00      0.00      0.00        11
      147.0       0.00      0.00      0.00         4
      148.0       0.00      0.00      0.00         3
      149.0       0.00      0.00      0.00         7
      150.0       0.00      0.00      0.00         5
      151.0       0.00      0.00      0.00         2
      152.0       0.00      0.00      0.00         5
      153.0       0.25      0.11      0.15         9
      154.0       0.00      0.00      0.00         6
      155.0       0.00      0.00      0.00         6
      156.0       0.00      0.00      0.00         2
      157.0       0.00      0.00      0.00         3
      158.0       0.00      0.00      0.00         7
      159.0       0.00      0.00      0.00        10
      160.0       0.00      0.00      0.00         7
      161.0       0.14      0.20      0.17         5
      162.0       0.00      0.00      0.00         5
      163.0       0.00      0.00      0.00         7
      164.0       0.00      0.00      0.00         5
      165.0       0.11      0.33      0.17         3
      166.0       0.00      0.00      0.00         6
      167.0       0.00      0.00      0.00         2
      168.0       0.00      0.00      0.00         4
      169.0       0.17      0.25      0.20         4
      170.0       0.00      0.00      0.00         4
      171.0       0.11      0.17      0.13         6
      172.0       0.00      0.00      0.00         5
      173.0       0.00      0.00      0.00         6
      174.0       0.00      0.00      0.00         2
      175.0       0.00      0.00      0.00         3
      176.0       0.00      0.00      0.00         1
      177.0       0.00      0.00      0.00         4
      178.0       0.00      0.00      0.00         3
      179.0       0.00      0.00      0.00         1
      180.0       0.00      0.00      0.00         7
      181.0       0.00      0.00      0.00         5
      182.0       0.00      0.00      0.00         3
      183.0       0.00      0.00      0.00         2
      184.0       0.17      0.20      0.18         5
      185.0       0.00      0.00      0.00         1
      186.0       0.00      0.00      0.00         6
      187.0       0.00      0.00      0.00         2
      188.0       0.00      0.00      0.00         6
      189.0       0.00      0.00      0.00         2
      190.0       0.00      0.00      0.00         1
      191.0       0.00      0.00      0.00         4
      192.0       0.40      0.67      0.50         3
      193.0       0.00      0.00      0.00         2
      194.0       0.00      0.00      0.00         1
      195.0       0.00      0.00      0.00         3
      196.0       0.00      0.00      0.00         2
      197.0       0.20      0.25      0.22         4
      198.0       0.00      0.00      0.00         1
      199.0       0.00      0.00      0.00         6
      200.0       0.00      0.00      0.00         4
      201.0       0.00      0.00      0.00         3
      202.0       0.00      0.00      0.00         2
      203.0       0.00      0.00      0.00         6
      204.0       0.00      0.00      0.00         0
      205.0       0.00      0.00      0.00         5
      206.0       0.00      0.00      0.00         4
      207.0       0.00      0.00      0.00         3
      208.0       0.00      0.00      0.00         4
      209.0       0.00      0.00      0.00         4
      210.0       0.00      0.00      0.00         0
      211.0       0.00      0.00      0.00         3
      212.0       0.00      0.00      0.00         5
      213.0       0.00      0.00      0.00         1
      214.0       0.00      0.00      0.00         1
      215.0       1.00      0.17      0.29         6
      216.0       0.00      0.00      0.00         3
      217.0       0.25      1.00      0.40         1
      218.0       0.00      0.00      0.00         6
      219.0       0.00      0.00      0.00         0
      220.0       0.00      0.00      0.00         2
      221.0       0.00      0.00      0.00         1
      222.0       0.00      0.00      0.00         2
      223.0       0.00      0.00      0.00         1
      224.0       0.00      0.00      0.00         4
      225.0       0.00      0.00      0.00         4
      226.0       0.00      0.00      0.00         3
      227.0       0.00      0.00      0.00         2
      228.0       0.00      0.00      0.00         0
      229.0       0.00      0.00      0.00         3
      230.0       0.00      0.00      0.00         1
      231.0       0.00      0.00      0.00         2
      232.0       0.50      0.50      0.50         2
      233.0       0.00      0.00      0.00         2
      234.0       0.00      0.00      0.00         1
      235.0       0.00      0.00      0.00         3
      236.0       0.00      0.00      0.00         1
      237.0       0.00      0.00      0.00         2
      238.0       0.00      0.00      0.00         2
      239.0       0.00      0.00      0.00         2
      240.0       0.25      0.33      0.29         3
      241.0       0.00      0.00      0.00         1
      242.0       0.00      0.00      0.00         3
      243.0       0.33      0.50      0.40         2
      244.0       0.00      0.00      0.00         0
      245.0       0.00      0.00      0.00         1
      246.0       0.00      0.00      0.00         4
      247.0       0.00      0.00      0.00         3
      248.0       0.00      0.00      0.00         0
      249.0       0.00      0.00      0.00         2
      250.0       0.00      0.00      0.00         1
      251.0       0.00      0.00      0.00         1
      252.0       0.00      0.00      0.00         2
      253.0       0.00      0.00      0.00         0
      254.0       0.00      0.00      0.00         3
      255.0       0.00      0.00      0.00         2
      256.0       0.00      0.00      0.00         0
      257.0       0.00      0.00      0.00         1
      258.0       0.00      0.00      0.00         2
      259.0       0.00      0.00      0.00         3
      260.0       0.00      0.00      0.00         0
      261.0       0.17      0.25      0.20         4
      262.0       0.00      0.00      0.00         3
      263.0       0.20      0.50      0.29         2
      264.0       0.00      0.00      0.00         2
      265.0       0.00      0.00      0.00         2
      266.0       0.00      0.00      0.00         0
      267.0       0.00      0.00      0.00         1
      268.0       0.00      0.00      0.00         2
      269.0       0.00      0.00      0.00         1
      270.0       0.00      0.00      0.00         4
      271.0       0.00      0.00      0.00         0
      273.0       0.00      0.00      0.00         1
      274.0       0.00      0.00      0.00         0
      275.0       0.00      0.00      0.00         0
      276.0       0.00      0.00      0.00         0
      277.0       0.00      0.00      0.00         2
      278.0       0.00      0.00      0.00         1
      279.0       0.00      0.00      0.00         0
      280.0       0.00      0.00      0.00         1
      282.0       0.00      0.00      0.00         1
      283.0       0.00      0.00      0.00         1
      284.0       0.00      0.00      0.00         1
      285.0       0.00      0.00      0.00         2
      286.0       0.25      0.33      0.29         3
      287.0       0.00      0.00      0.00         2
      288.0       0.00      0.00      0.00         1
      289.0       0.00      0.00      0.00         1
      290.0       0.00      0.00      0.00         0
      292.0       0.00      0.00      0.00         0
      294.0       0.00      0.00      0.00         1
      296.0       0.00      0.00      0.00         1
      297.0       0.00      0.00      0.00         0
      298.0       0.00      0.00      0.00         0
      299.0       0.50      0.50      0.50         2
      300.0       0.00      0.00      0.00         1
      301.0       0.00      0.00      0.00         1
      302.0       0.00      0.00      0.00         0
      304.0       0.00      0.00      0.00         1
      307.0       0.00      0.00      0.00         4
      308.0       0.00      0.00      0.00         1
      309.0       0.00      0.00      0.00         2
      313.0       0.00      0.00      0.00         1
      314.0       0.33      1.00      0.50         2
      315.0       0.00      0.00      0.00         2
      316.0       1.00      0.50      0.67         2
      317.0       0.00      0.00      0.00         1
      319.0       0.00      0.00      0.00         0
      320.0       0.00      0.00      0.00         1
      321.0       0.00      0.00      0.00         2
      325.0       0.00      0.00      0.00         2
      327.0       0.00      0.00      0.00         2
      328.0       0.00      0.00      0.00         2
      330.0       0.00      0.00      0.00         1
      332.0       0.00      0.00      0.00         2
      333.0       0.00      0.00      0.00         1
      334.0       0.00      0.00      0.00         0
      336.0       0.00      0.00      0.00         1
      338.0       0.00      0.00      0.00         1
      339.0       0.00      0.00      0.00         0
      340.0       0.00      0.00      0.00         1
      341.0       0.00      0.00      0.00         1
      342.0       0.00      0.00      0.00         1
      343.0       0.00      0.00      0.00         2
      346.0       0.00      0.00      0.00         1
      347.0       0.00      0.00      0.00         1
      348.0       0.00      0.00      0.00         1
      349.0       0.00      0.00      0.00         1
      350.0       0.00      0.00      0.00         0
      352.0       0.00      0.00      0.00         0
      353.0       0.00      0.00      0.00         0
      355.0       0.00      0.00      0.00         2
      356.0       0.00      0.00      0.00         0
      360.0       0.00      0.00      0.00         0
      366.0       0.00      0.00      0.00         0
      367.0       0.00      0.00      0.00         1
      369.0       0.00      0.00      0.00         0
      370.0       0.00      0.00      0.00         0
      371.0       0.00      0.00      0.00         1
      372.0       0.00      0.00      0.00         0
      373.0       0.00      0.00      0.00         2
      374.0       0.00      0.00      0.00         0
      377.0       0.00      0.00      0.00         0
      378.0       0.00      0.00      0.00         1
      380.0       0.00      0.00      0.00         2
      381.0       0.00      0.00      0.00         0
      382.0       0.00      0.00      0.00         1
      383.0       0.00      0.00      0.00         1
      388.0       0.00      0.00      0.00         1
      389.0       0.00      0.00      0.00         1
      392.0       0.00      0.00      0.00         1
      393.0       0.00      0.00      0.00         0
      395.0       0.00      0.00      0.00         0
      400.0       0.00      0.00      0.00         1
      405.0       0.00      0.00      0.00         0
      406.0       0.00      0.00      0.00         0
      407.0       0.00      0.00      0.00         1
      408.0       0.00      0.00      0.00         2
      410.0       0.00      0.00      0.00         0
      411.0       0.00      0.00      0.00         0
      412.0       0.00      0.00      0.00         2
      414.0       0.00      0.00      0.00         1
      417.0       0.00      0.00      0.00         0
      418.0       0.00      0.00      0.00         1
      421.0       0.00      0.00      0.00         0
      424.0       0.00      0.00      0.00         0
      425.0       0.00      0.00      0.00         1
      427.0       0.00      0.00      0.00         0
      429.0       0.00      0.00      0.00         2
      431.0       0.00      0.00      0.00         1
      433.0       0.00      0.00      0.00         1
      436.0       0.00      0.00      0.00         0
      438.0       0.00      0.00      0.00         0
      439.0       0.00      0.00      0.00         1
      440.0       0.00      0.00      0.00         1
      442.0       0.00      0.00      0.00         1
      443.0       0.00      0.00      0.00         2
      452.0       0.00      0.00      0.00         1
      455.0       0.00      0.00      0.00         0
      459.0       0.00      0.00      0.00         0
      460.0       0.00      0.00      0.00         1
      467.0       0.00      0.00      0.00         1
      469.0       0.00      0.00      0.00         1
      470.0       0.00      0.00      0.00         0
      482.0       0.00      0.00      0.00         0
      487.0       0.00      0.00      0.00         1
      488.0       0.00      0.00      0.00         0
      489.0       0.00      0.00      0.00         1
      493.0       0.00      0.00      0.00         1
      497.0       0.00      0.00      0.00         1
      507.0       0.00      0.00      0.00         1
      508.0       0.00      0.00      0.00         1
      520.0       0.00      0.00      0.00         0
      521.0       0.00      0.00      0.00         0
      530.0       0.00      0.00      0.00         1
      533.0       0.00      0.00      0.00         1
      537.0       0.00      0.00      0.00         1
      545.0       0.00      0.00      0.00         0
      547.0       0.00      0.00      0.00         1
      555.0       0.00      0.00      0.00         0
      564.0       0.00      0.00      0.00         1
      565.0       0.00      0.00      0.00         0
      568.0       0.00      0.00      0.00         1
      569.0       0.00      0.00      0.00         1
      573.0       0.00      0.00      0.00         1
      606.0       0.00      0.00      0.00         0
      611.0       0.00      0.00      0.00         1
      626.0       0.00      0.00      0.00         1
      643.0       0.00      0.00      0.00         1
      647.0       0.00      0.00      0.00         0
      651.0       0.00      0.00      0.00         1
      654.0       0.00      0.00      0.00         1
      662.0       0.00      0.00      0.00         0
      663.0       0.00      0.00      0.00         1
      672.0       0.00      0.00      0.00         0
      677.0       0.00      0.00      0.00         0
      679.0       0.00      0.00      0.00         0
      681.0       0.00      0.00      0.00         1
      685.0       0.00      0.00      0.00         1
      693.0       0.00      0.00      0.00         1
      699.0       0.00      0.00      0.00         0
      703.0       0.00      0.00      0.00         1
      716.0       0.00      0.00      0.00         1
      720.0       0.00      0.00      0.00         0
      739.0       0.00      0.00      0.00         1
      741.0       0.00      0.00      0.00         1
      744.0       0.00      0.00      0.00         1
      748.0       0.00      0.00      0.00         0
      749.0       0.00      0.00      0.00         0
      755.0       0.00      0.00      0.00         1
      758.0       0.00      0.00      0.00         0
      761.0       0.00      0.00      0.00         1
      764.0       0.00      0.00      0.00         1
      766.0       0.00      0.00      0.00         0
      771.0       0.00      0.00      0.00         0
      805.0       0.00      0.00      0.00         1
      819.0       0.00      0.00      0.00         0
      820.0       0.00      0.00      0.00         1
      830.0       0.00      0.00      0.00         0
      878.0       0.00      0.00      0.00         1
      891.0       0.00      0.00      0.00         1
      894.0       0.00      0.00      0.00         1
      904.0       0.00      0.00      0.00         0
      936.0       0.00      0.00      0.00         0
      944.0       0.00      0.00      0.00         1
      965.0       0.00      0.00      0.00         1
     1003.0       0.00      0.00      0.00         0
     1047.0       0.00      0.00      0.00         1
     1058.0       0.00      0.00      0.00         1
     1064.0       0.00      0.00      0.00         1
     1092.0       0.00      0.00      0.00         1
     1100.0       0.00      0.00      0.00         0
     1144.0       0.00      0.00      0.00         1
     1149.0       0.00      0.00      0.00         0
     1312.0       0.00      0.00      0.00         0
     1329.0       0.00      0.00      0.00         1
     1375.0       0.00      0.00      0.00         0
     1401.0       0.00      0.00      0.00         1
     1922.0       0.00      0.00      0.00         0
     2277.0       0.00      0.00      0.00         1
     2938.0       0.00      0.00      0.00         0
     3024.0       0.00      0.00      0.00         0
     3972.0       0.00      0.00      0.00         1
     4531.0       0.00      0.00      0.00         1
     5026.0       0.00      0.00      0.00         0
     5143.0       0.00      0.00      0.00         0
     5341.0       0.00      0.00      0.00         1
    41278.0       0.00      0.00      0.00         0

avg / total       0.85      0.85      0.85   1764275

---- Decision Tree Entropy ----
DecisionTreeClassifier(class_weight=None, criterion='entropy', max_depth=None,
            max_features=None, max_leaf_nodes=None,
            min_impurity_decrease=0.0, min_impurity_split=None,
            min_samples_leaf=1, min_samples_split=2,
            min_weight_fraction_leaf=0.0, presort=False, random_state=None,
            splitter='best')
[0. 0. 0. ... 0. 0. 0.]
DT Entropy Accuracy:
0.8504564197758286
[[1266980   54853    5848 ...       0       0       0]
 [  57287  147176   19702 ...       0       0       0]
 [   6227   20513   38712 ...       0       0       0]
 ...
 [      0       0       0 ...       0       0       0]
 [      0       0       0 ...       0       0       0]
 [      0       0       0 ...       0       0       0]]
             precision    recall  f1-score   support

        0.0       0.95      0.95      0.95   1330741
        1.0       0.65      0.64      0.65    228418
        2.0       0.51      0.50      0.51     76777
        3.0       0.47      0.46      0.47     37923
        4.0       0.43      0.42      0.42     21611
        5.0       0.40      0.39      0.39     14005
        6.0       0.37      0.38      0.38      9288
        7.0       0.34      0.34      0.34      6851
        8.0       0.35      0.34      0.34      5322
        9.0       0.34      0.34      0.34      4140
       10.0       0.31      0.32      0.31      3208
       11.0       0.28      0.28      0.28      2705
       12.0       0.28      0.29      0.28      2214
       13.0       0.27      0.26      0.26      1966
       14.0       0.28      0.27      0.27      1634
       15.0       0.23      0.24      0.23      1410
       16.0       0.21      0.21      0.21      1180
       17.0       0.23      0.22      0.22      1055
       18.0       0.23      0.23      0.23       995
       19.0       0.25      0.25      0.25       840
       20.0       0.22      0.22      0.22       798
       21.0       0.21      0.20      0.21       706
       22.0       0.21      0.21      0.21       619
       23.0       0.20      0.22      0.21       557
       24.0       0.19      0.16      0.17       511
       25.0       0.19      0.17      0.18       509
       26.0       0.21      0.22      0.21       424
       27.0       0.18      0.18      0.18       411
       28.0       0.20      0.18      0.19       362
       29.0       0.17      0.17      0.17       342
       30.0       0.17      0.18      0.18       314
       31.0       0.17      0.16      0.17       285
       32.0       0.18      0.17      0.18       294
       33.0       0.18      0.20      0.19       218
       34.0       0.22      0.18      0.20       238
       35.0       0.11      0.15      0.13       202
       36.0       0.12      0.10      0.11       186
       37.0       0.15      0.16      0.16       202
       38.0       0.16      0.17      0.17       156
       39.0       0.15      0.14      0.14       174
       40.0       0.08      0.08      0.08       161
       41.0       0.14      0.14      0.14       150
       42.0       0.16      0.17      0.16       145
       43.0       0.14      0.14      0.14       129
       44.0       0.14      0.13      0.14       141
       45.0       0.13      0.13      0.13       111
       46.0       0.16      0.17      0.17       124
       47.0       0.16      0.15      0.16       130
       48.0       0.15      0.13      0.14       109
       49.0       0.14      0.10      0.12       105
       50.0       0.13      0.14      0.14        90
       51.0       0.09      0.10      0.10        97
       52.0       0.07      0.08      0.08        76
       53.0       0.12      0.13      0.12        84
       54.0       0.07      0.06      0.07        77
       55.0       0.04      0.04      0.04        80
       56.0       0.14      0.11      0.12        72
       57.0       0.10      0.09      0.10        64
       58.0       0.05      0.04      0.05        68
       59.0       0.14      0.17      0.15        64
       60.0       0.09      0.09      0.09        57
       61.0       0.08      0.11      0.09        56
       62.0       0.14      0.13      0.14        53
       63.0       0.19      0.19      0.19        63
       64.0       0.10      0.10      0.10        48
       65.0       0.13      0.14      0.13        50
       66.0       0.16      0.15      0.15        47
       67.0       0.17      0.13      0.15        52
       68.0       0.12      0.12      0.12        43
       69.0       0.15      0.18      0.16        33
       70.0       0.06      0.04      0.05        47
       71.0       0.14      0.14      0.14        49
       72.0       0.12      0.09      0.11        53
       73.0       0.04      0.07      0.05        27
       74.0       0.12      0.13      0.12        39
       75.0       0.02      0.03      0.03        36
       76.0       0.04      0.04      0.04        25
       77.0       0.09      0.10      0.10        30
       78.0       0.09      0.06      0.07        47
       79.0       0.00      0.00      0.00        35
       80.0       0.10      0.14      0.12        35
       81.0       0.13      0.13      0.13        39
       82.0       0.10      0.11      0.10        28
       83.0       0.04      0.03      0.03        38
       84.0       0.17      0.14      0.15        36
       85.0       0.08      0.12      0.09        17
       86.0       0.08      0.07      0.08        27
       87.0       0.04      0.04      0.04        23
       88.0       0.08      0.07      0.08        27
       89.0       0.11      0.08      0.09        24
       90.0       0.20      0.13      0.16        31
       91.0       0.18      0.22      0.20        18
       92.0       0.06      0.06      0.06        16
       93.0       0.05      0.05      0.05        22
       94.0       0.05      0.05      0.05        22
       95.0       0.09      0.09      0.09        22
       96.0       0.20      0.18      0.19        22
       97.0       0.00      0.00      0.00        14
       98.0       0.03      0.06      0.04        16
       99.0       0.07      0.11      0.09        19
      100.0       0.14      0.14      0.14        22
      101.0       0.07      0.05      0.06        21
      102.0       0.11      0.17      0.13        12
      103.0       0.15      0.15      0.15        13
      104.0       0.00      0.00      0.00        14
      105.0       0.25      0.22      0.24        18
      106.0       0.08      0.07      0.07        15
      107.0       0.17      0.12      0.14        17
      108.0       0.00      0.00      0.00        18
      109.0       0.12      0.21      0.16        14
      110.0       0.00      0.00      0.00        13
      111.0       0.00      0.00      0.00        17
      112.0       0.00      0.00      0.00        10
      113.0       0.14      0.20      0.17        10
      114.0       0.09      0.08      0.08        13
      115.0       0.18      0.11      0.13        19
      116.0       0.07      0.08      0.08        12
      117.0       0.07      0.08      0.07        13
      118.0       0.33      0.11      0.17         9
      119.0       0.00      0.00      0.00        14
      120.0       0.17      0.11      0.13         9
      121.0       0.00      0.00      0.00         7
      122.0       0.00      0.00      0.00         7
      123.0       0.00      0.00      0.00        13
      124.0       0.00      0.00      0.00         7
      125.0       0.07      0.12      0.09         8
      126.0       0.10      0.12      0.11         8
      127.0       0.08      0.14      0.11         7
      128.0       0.00      0.00      0.00         7
      129.0       0.00      0.00      0.00        10
      130.0       0.00      0.00      0.00        11
      131.0       0.17      0.14      0.15         7
      132.0       0.10      0.25      0.14         4
      133.0       0.00      0.00      0.00         8
      134.0       0.00      0.00      0.00         6
      135.0       0.17      0.14      0.15         7
      136.0       0.00      0.00      0.00         8
      137.0       0.00      0.00      0.00         5
      138.0       0.00      0.00      0.00         6
      139.0       0.20      0.17      0.18         6
      140.0       0.00      0.00      0.00         6
      141.0       0.12      0.12      0.12         8
      142.0       0.00      0.00      0.00         7
      143.0       0.00      0.00      0.00         5
      144.0       0.17      0.10      0.12        10
      145.0       0.20      0.14      0.17         7
      146.0       0.00      0.00      0.00        11
      147.0       0.00      0.00      0.00         4
      148.0       0.00      0.00      0.00         3
      149.0       0.00      0.00      0.00         7
      150.0       0.00      0.00      0.00         5
      151.0       0.00      0.00      0.00         2
      152.0       0.00      0.00      0.00         5
      153.0       0.00      0.00      0.00         9
      154.0       0.00      0.00      0.00         6
      155.0       0.14      0.17      0.15         6
      156.0       0.00      0.00      0.00         2
      157.0       0.00      0.00      0.00         3
      158.0       0.00      0.00      0.00         7
      159.0       0.00      0.00      0.00        10
      160.0       0.50      0.14      0.22         7
      161.0       0.00      0.00      0.00         5
      162.0       0.00      0.00      0.00         5
      163.0       0.00      0.00      0.00         7
      164.0       0.11      0.20      0.14         5
      165.0       0.00      0.00      0.00         3
      166.0       0.00      0.00      0.00         6
      167.0       0.00      0.00      0.00         2
      168.0       0.00      0.00      0.00         4
      169.0       0.00      0.00      0.00         4
      170.0       0.00      0.00      0.00         4
      171.0       0.11      0.17      0.13         6
      172.0       0.25      0.20      0.22         5
      173.0       0.00      0.00      0.00         6
      174.0       0.00      0.00      0.00         2
      175.0       0.00      0.00      0.00         3
      176.0       0.00      0.00      0.00         1
      177.0       0.00      0.00      0.00         4
      178.0       0.00      0.00      0.00         3
      179.0       0.00      0.00      0.00         1
      180.0       0.00      0.00      0.00         7
      181.0       0.00      0.00      0.00         5
      182.0       0.00      0.00      0.00         3
      183.0       0.00      0.00      0.00         2
      184.0       0.14      0.20      0.17         5
      185.0       0.00      0.00      0.00         1
      186.0       0.14      0.17      0.15         6
      187.0       0.00      0.00      0.00         2
      188.0       0.00      0.00      0.00         6
      189.0       0.00      0.00      0.00         2
      190.0       0.00      0.00      0.00         1
      191.0       0.00      0.00      0.00         4
      192.0       0.00      0.00      0.00         3
      193.0       0.00      0.00      0.00         2
      194.0       0.00      0.00      0.00         1
      195.0       0.00      0.00      0.00         3
      196.0       0.00      0.00      0.00         2
      197.0       0.11      0.25      0.15         4
      198.0       0.00      0.00      0.00         1
      199.0       0.00      0.00      0.00         6
      200.0       0.00      0.00      0.00         4
      201.0       0.00      0.00      0.00         3
      202.0       0.00      0.00      0.00         2
      203.0       0.00      0.00      0.00         6
      204.0       0.00      0.00      0.00         0
      205.0       0.00      0.00      0.00         5
      206.0       0.00      0.00      0.00         4
      207.0       0.00      0.00      0.00         3
      208.0       0.00      0.00      0.00         4
      209.0       0.00      0.00      0.00         4
      211.0       0.00      0.00      0.00         3
      212.0       0.00      0.00      0.00         5
      213.0       0.00      0.00      0.00         1
      214.0       0.00      0.00      0.00         1
      215.0       1.00      0.17      0.29         6
      216.0       0.00      0.00      0.00         3
      217.0       0.20      1.00      0.33         1
      218.0       0.50      0.17      0.25         6
      219.0       0.00      0.00      0.00         0
      220.0       0.33      0.50      0.40         2
      221.0       0.00      0.00      0.00         1
      222.0       0.00      0.00      0.00         2
      223.0       0.00      0.00      0.00         1
      224.0       0.00      0.00      0.00         4
      225.0       0.00      0.00      0.00         4
      226.0       0.00      0.00      0.00         3
      227.0       0.00      0.00      0.00         2
      228.0       0.00      0.00      0.00         0
      229.0       0.00      0.00      0.00         3
      230.0       0.00      0.00      0.00         1
      231.0       0.00      0.00      0.00         2
      232.0       0.00      0.00      0.00         2
      233.0       0.00      0.00      0.00         2
      234.0       0.00      0.00      0.00         1
      235.0       0.00      0.00      0.00         3
      236.0       0.00      0.00      0.00         1
      237.0       0.00      0.00      0.00         2
      238.0       0.00      0.00      0.00         2
      239.0       0.00      0.00      0.00         2
      240.0       0.00      0.00      0.00         3
      241.0       0.00      0.00      0.00         1
      242.0       0.00      0.00      0.00         3
      243.0       0.25      0.50      0.33         2
      244.0       0.00      0.00      0.00         0
      245.0       0.00      0.00      0.00         1
      246.0       1.00      0.25      0.40         4
      247.0       0.00      0.00      0.00         3
      248.0       0.00      0.00      0.00         0
      249.0       0.00      0.00      0.00         2
      250.0       0.00      0.00      0.00         1
      251.0       0.00      0.00      0.00         1
      252.0       0.00      0.00      0.00         2
      253.0       0.00      0.00      0.00         0
      254.0       0.00      0.00      0.00         3
      255.0       0.00      0.00      0.00         2
      256.0       0.00      0.00      0.00         0
      257.0       0.00      0.00      0.00         1
      258.0       0.00      0.00      0.00         2
      259.0       0.00      0.00      0.00         3
      260.0       0.00      0.00      0.00         0
      261.0       0.00      0.00      0.00         4
      262.0       0.00      0.00      0.00         3
      263.0       0.00      0.00      0.00         2
      264.0       0.00      0.00      0.00         2
      265.0       0.00      0.00      0.00         2
      266.0       0.00      0.00      0.00         0
      267.0       0.00      0.00      0.00         1
      268.0       0.00      0.00      0.00         2
      269.0       0.00      0.00      0.00         1
      270.0       0.00      0.00      0.00         4
      271.0       0.00      0.00      0.00         0
      272.0       0.00      0.00      0.00         0
      273.0       0.25      1.00      0.40         1
      274.0       0.00      0.00      0.00         0
      275.0       0.00      0.00      0.00         0
      277.0       0.00      0.00      0.00         2
      278.0       0.00      0.00      0.00         1
      280.0       0.00      0.00      0.00         1
      281.0       0.00      0.00      0.00         0
      282.0       0.00      0.00      0.00         1
      283.0       0.00      0.00      0.00         1
      284.0       0.00      0.00      0.00         1
      285.0       0.00      0.00      0.00         2
      286.0       0.00      0.00      0.00         3
      287.0       0.00      0.00      0.00         2
      288.0       0.00      0.00      0.00         1
      289.0       0.00      0.00      0.00         1
      291.0       0.00      0.00      0.00         0
      294.0       0.00      0.00      0.00         1
      296.0       0.00      0.00      0.00         1
      298.0       0.00      0.00      0.00         0
      299.0       0.40      1.00      0.57         2
      300.0       0.00      0.00      0.00         1
      301.0       0.00      0.00      0.00         1
      304.0       0.25      1.00      0.40         1
      307.0       0.00      0.00      0.00         4
      308.0       0.00      0.00      0.00         1
      309.0       0.00      0.00      0.00         2
      313.0       0.00      0.00      0.00         1
      314.0       0.25      0.50      0.33         2
      315.0       0.00      0.00      0.00         2
      316.0       1.00      0.50      0.67         2
      317.0       0.00      0.00      0.00         1
      319.0       0.00      0.00      0.00         0
      320.0       0.00      0.00      0.00         1
      321.0       0.00      0.00      0.00         2
      325.0       0.00      0.00      0.00         2
      326.0       0.00      0.00      0.00         0
      327.0       0.00      0.00      0.00         2
      328.0       0.33      0.50      0.40         2
      330.0       0.00      0.00      0.00         1
      332.0       0.50      0.50      0.50         2
      333.0       0.00      0.00      0.00         1
      336.0       0.00      0.00      0.00         1
      337.0       0.00      0.00      0.00         0
      338.0       0.00      0.00      0.00         1
      340.0       0.00      0.00      0.00         1
      341.0       0.00      0.00      0.00         1
      342.0       0.00      0.00      0.00         1
      343.0       0.00      0.00      0.00         2
      344.0       0.00      0.00      0.00         0
      346.0       0.00      0.00      0.00         1
      347.0       1.00      1.00      1.00         1
      348.0       0.00      0.00      0.00         1
      349.0       0.00      0.00      0.00         1
      352.0       0.00      0.00      0.00         0
      353.0       0.00      0.00      0.00         0
      354.0       0.00      0.00      0.00         0
      355.0       0.00      0.00      0.00         2
      360.0       0.00      0.00      0.00         0
      364.0       0.00      0.00      0.00         0
      365.0       0.00      0.00      0.00         0
      366.0       0.00      0.00      0.00         0
      367.0       0.00      0.00      0.00         1
      371.0       0.00      0.00      0.00         1
      372.0       0.00      0.00      0.00         0
      373.0       0.00      0.00      0.00         2
      374.0       0.00      0.00      0.00         0
      376.0       0.00      0.00      0.00         0
      378.0       0.00      0.00      0.00         1
      380.0       0.00      0.00      0.00         2
      381.0       0.00      0.00      0.00         0
      382.0       0.00      0.00      0.00         1
      383.0       0.00      0.00      0.00         1
      388.0       0.00      0.00      0.00         1
      389.0       0.00      0.00      0.00         1
      392.0       0.00      0.00      0.00         1
      393.0       0.00      0.00      0.00         0
      395.0       0.00      0.00      0.00         0
      400.0       0.00      0.00      0.00         1
      406.0       0.00      0.00      0.00         0
      407.0       0.00      0.00      0.00         1
      408.0       0.00      0.00      0.00         2
      410.0       0.00      0.00      0.00         0
      411.0       0.00      0.00      0.00         0
      412.0       0.00      0.00      0.00         2
      414.0       0.00      0.00      0.00         1
      416.0       0.00      0.00      0.00         0
      418.0       0.00      0.00      0.00         1
      419.0       0.00      0.00      0.00         0
      424.0       0.00      0.00      0.00         0
      425.0       0.00      0.00      0.00         1
      427.0       0.00      0.00      0.00         0
      429.0       0.00      0.00      0.00         2
      430.0       0.00      0.00      0.00         0
      431.0       0.00      0.00      0.00         1
      433.0       0.00      0.00      0.00         1
      439.0       0.00      0.00      0.00         1
      440.0       0.00      0.00      0.00         1
      442.0       0.00      0.00      0.00         1
      443.0       0.00      0.00      0.00         2
      452.0       0.00      0.00      0.00         1
      455.0       0.00      0.00      0.00         0
      460.0       0.00      0.00      0.00         1
      464.0       0.00      0.00      0.00         0
      467.0       0.00      0.00      0.00         1
      469.0       0.00      0.00      0.00         1
      473.0       0.00      0.00      0.00         0
      482.0       0.00      0.00      0.00         0
      487.0       0.00      0.00      0.00         1
      488.0       0.00      0.00      0.00         0
      489.0       1.00      1.00      1.00         1
      493.0       0.00      0.00      0.00         1
      497.0       0.00      0.00      0.00         1
      504.0       0.00      0.00      0.00         0
      507.0       0.00      0.00      0.00         1
      508.0       0.00      0.00      0.00         1
      521.0       0.00      0.00      0.00         0
      524.0       0.00      0.00      0.00         0
      530.0       0.00      0.00      0.00         1
      533.0       0.00      0.00      0.00         1
      537.0       0.00      0.00      0.00         1
      547.0       0.00      0.00      0.00         1
      555.0       0.00      0.00      0.00         0
      560.0       0.00      0.00      0.00         0
      564.0       0.00      0.00      0.00         1
      568.0       0.00      0.00      0.00         1
      569.0       0.00      0.00      0.00         1
      573.0       0.00      0.00      0.00         1
      606.0       0.00      0.00      0.00         0
      611.0       0.00      0.00      0.00         1
      612.0       0.00      0.00      0.00         0
      613.0       0.00      0.00      0.00         0
      626.0       0.00      0.00      0.00         1
      636.0       0.00      0.00      0.00         0
      643.0       0.00      0.00      0.00         1
      651.0       0.00      0.00      0.00         1
      654.0       0.00      0.00      0.00         1
      662.0       0.00      0.00      0.00         0
      663.0       0.00      0.00      0.00         1
      677.0       0.00      0.00      0.00         0
      678.0       0.00      0.00      0.00         0
      681.0       0.00      0.00      0.00         1
      685.0       0.00      0.00      0.00         1
      693.0       0.00      0.00      0.00         1
      699.0       0.00      0.00      0.00         0
      703.0       0.00      0.00      0.00         1
      716.0       0.00      0.00      0.00         1
      720.0       0.00      0.00      0.00         0
      721.0       0.00      0.00      0.00         0
      727.0       0.00      0.00      0.00         0
      736.0       0.00      0.00      0.00         0
      739.0       0.00      0.00      0.00         1
      741.0       0.00      0.00      0.00         1
      743.0       0.00      0.00      0.00         0
      744.0       0.00      0.00      0.00         1
      753.0       0.00      0.00      0.00         0
      755.0       0.00      0.00      0.00         1
      761.0       0.00      0.00      0.00         1
      764.0       0.00      0.00      0.00         1
      766.0       0.00      0.00      0.00         0
      805.0       0.00      0.00      0.00         1
      814.0       0.00      0.00      0.00         0
      820.0       0.00      0.00      0.00         1
      878.0       0.00      0.00      0.00         1
      891.0       0.00      0.00      0.00         1
      894.0       0.00      0.00      0.00         1
      904.0       0.00      0.00      0.00         0
      923.0       0.00      0.00      0.00         0
      941.0       0.00      0.00      0.00         0
      944.0       0.00      0.00      0.00         1
      965.0       0.00      0.00      0.00         1
      983.0       0.00      0.00      0.00         0
      996.0       0.00      0.00      0.00         0
     1003.0       0.00      0.00      0.00         0
     1047.0       0.00      0.00      0.00         1
     1058.0       0.00      0.00      0.00         1
     1064.0       0.00      0.00      0.00         1
     1092.0       0.00      0.00      0.00         1
     1144.0       0.00      0.00      0.00         1
     1149.0       0.00      0.00      0.00         0
     1312.0       0.00      0.00      0.00         0
     1329.0       0.00      0.00      0.00         1
     1375.0       0.00      0.00      0.00         0
     1401.0       0.00      0.00      0.00         1
     1902.0       0.00      0.00      0.00         0
     2277.0       0.00      0.00      0.00         1
     3024.0       0.00      0.00      0.00         0
     3972.0       0.00      0.00      0.00         1
     4531.0       0.00      0.00      0.00         1
     5026.0       0.00      0.00      0.00         0
     5143.0       0.00      0.00      0.00         0
     5341.0       0.00      0.00      0.00         1
    11219.0       0.00      0.00      0.00         0

avg / total       0.85      0.85      0.85   1764275

---- Naive Bayes ----
GaussianNB(priors=None)
[0. 0. 0. ... 0. 0. 0.]
NB Accuracy:
0.754246361820011
[[1330698       0       0 ...       0       0       0]
 [ 228410       0       0 ...       0       0       0]
 [  76775       0       0 ...       0       0       0]
 ...
 [      0       0       0 ...       0       0       0]
 [      0       0       0 ...       0       0       0]
 [      0       0       0 ...       0       0       0]]
             precision    recall  f1-score   support

        0.0       0.75      1.00      0.86   1330741
        1.0       0.00      0.00      0.00    228418
        2.0       0.00      0.00      0.00     76777
        3.0       0.00      0.00      0.00     37923
        4.0       0.00      0.00      0.00     21611
        5.0       0.00      0.00      0.00     14005
        6.0       0.00      0.00      0.00      9288
        7.0       0.00      0.00      0.00      6851
        8.0       0.00      0.00      0.00      5322
        9.0       0.00      0.00      0.00      4140
       10.0       0.00      0.00      0.00      3208
       11.0       0.00      0.00      0.00      2705
       12.0       0.00      0.00      0.00      2214
       13.0       0.00      0.00      0.00      1966
       14.0       0.00      0.00      0.00      1634
       15.0       0.00      0.00      0.00      1410
       16.0       0.00      0.00      0.00      1180
       17.0       0.00      0.00      0.00      1055
       18.0       0.00      0.00      0.00       995
       19.0       0.00      0.00      0.00       840
       20.0       0.00      0.00      0.00       798
       21.0       0.00      0.00      0.00       706
       22.0       0.00      0.00      0.00       619
       23.0       0.00      0.00      0.00       557
       24.0       0.00      0.00      0.00       511
       25.0       0.00      0.00      0.00       509
       26.0       0.00      0.00      0.00       424
       27.0       0.00      0.00      0.00       411
       28.0       0.00      0.00      0.00       362
       29.0       0.00      0.00      0.00       342
       30.0       0.00      0.00      0.00       314
       31.0       0.00      0.00      0.00       285
       32.0       0.00      0.00      0.00       294
       33.0       0.00      0.00      0.00       218
       34.0       0.00      0.00      0.00       238
       35.0       0.00      0.00      0.00       202
       36.0       0.00      0.00      0.00       186
       37.0       0.00      0.00      0.00       202
       38.0       0.00      0.00      0.00       156
       39.0       0.00      0.00      0.00       174
       40.0       0.00      0.00      0.00       161
       41.0       0.00      0.00      0.00       150
       42.0       0.00      0.00      0.00       145
       43.0       0.00      0.00      0.00       129
       44.0       0.00      0.00      0.00       141
       45.0       0.00      0.00      0.00       111
       46.0       0.00      0.00      0.00       124
       47.0       0.00      0.00      0.00       130
       48.0       0.00      0.00      0.00       109
       49.0       0.00      0.00      0.00       105
       50.0       0.00      0.00      0.00        90
       51.0       0.00      0.00      0.00        97
       52.0       0.00      0.00      0.00        76
       53.0       0.00      0.00      0.00        84
       54.0       0.00      0.00      0.00        77
       55.0       0.00      0.00      0.00        80
       56.0       0.00      0.00      0.00        72
       57.0       0.00      0.00      0.00        64
       58.0       0.00      0.00      0.00        68
       59.0       0.00      0.00      0.00        64
       60.0       0.00      0.00      0.00        57
       61.0       0.00      0.00      0.00        56
       62.0       0.00      0.00      0.00        53
       63.0       0.00      0.00      0.00        63
       64.0       0.00      0.00      0.00        48
       65.0       0.00      0.00      0.00        50
       66.0       0.00      0.00      0.00        47
       67.0       0.00      0.00      0.00        52
       68.0       0.00      0.00      0.00        43
       69.0       0.00      0.00      0.00        33
       70.0       0.00      0.00      0.00        47
       71.0       0.00      0.00      0.00        49
       72.0       0.00      0.00      0.00        53
       73.0       0.00      0.00      0.00        27
       74.0       0.00      0.00      0.00        39
       75.0       0.00      0.00      0.00        36
       76.0       0.00      0.00      0.00        25
       77.0       0.00      0.00      0.00        30
       78.0       0.00      0.00      0.00        47
       79.0       0.00      0.00      0.00        35
       80.0       0.00      0.00      0.00        35
       81.0       0.00      0.00      0.00        39
       82.0       0.00      0.00      0.00        28
       83.0       0.00      0.00      0.00        38
       84.0       0.00      0.00      0.00        36
       85.0       0.00      0.00      0.00        17
       86.0       0.00      0.00      0.00        27
       87.0       0.00      0.00      0.00        23
       88.0       0.00      0.00      0.00        27
       89.0       0.00      0.00      0.00        24
       90.0       0.00      0.00      0.00        31
       91.0       0.00      0.00      0.00        18
       92.0       0.00      0.00      0.00        16
       93.0       0.00      0.00      0.00        22
       94.0       0.00      0.00      0.00        22
       95.0       0.00      0.00      0.00        22
       96.0       0.00      0.00      0.00        22
       97.0       0.00      0.00      0.00        14
       98.0       0.00      0.00      0.00        16
       99.0       0.00      0.00      0.00        19
      100.0       0.00      0.00      0.00        22
      101.0       0.00      0.00      0.00        21
      102.0       0.00      0.00      0.00        12
      103.0       0.00      0.00      0.00        13
      104.0       0.00      0.00      0.00        14
      105.0       0.00      0.00      0.00        18
      106.0       0.00      0.00      0.00        15
      107.0       0.00      0.00      0.00        17
      108.0       0.00      0.00      0.00        18
      109.0       0.00      0.00      0.00        14
      110.0       0.00      0.00      0.00        13
      111.0       0.00      0.00      0.00        17
      112.0       0.00      0.00      0.00        10
      113.0       0.00      0.00      0.00        10
      114.0       0.00      0.00      0.00        13
      115.0       0.00      0.00      0.00        19
      116.0       0.00      0.00      0.00        12
      117.0       0.00      0.00      0.00        13
      118.0       0.00      0.00      0.00         9
      119.0       0.00      0.00      0.00        14
      120.0       0.00      0.00      0.00         9
      121.0       0.00      0.00      0.00         7
      122.0       0.00      0.00      0.00         7
      123.0       0.00      0.00      0.00        13
      124.0       0.00      0.00      0.00         7
      125.0       0.00      0.00      0.00         8
      126.0       0.00      0.00      0.00         8
      127.0       0.00      0.00      0.00         7
      128.0       0.00      0.00      0.00         7
      129.0       0.00      0.00      0.00        10
      130.0       0.00      0.00      0.00        11
      131.0       0.00      0.00      0.00         7
      132.0       0.00      0.00      0.00         4
      133.0       0.00      0.00      0.00         8
      134.0       0.00      0.00      0.00         6
      135.0       0.00      0.00      0.00         7
      136.0       0.00      0.00      0.00         8
      137.0       0.00      0.00      0.00         5
      138.0       0.00      0.00      0.00         6
      139.0       0.00      0.00      0.00         6
      140.0       0.00      0.00      0.00         6
      141.0       0.00      0.00      0.00         8
      142.0       0.00      0.00      0.00         7
      143.0       0.00      0.00      0.00         5
      144.0       0.00      0.00      0.00        10
      145.0       0.00      0.00      0.00         7
      146.0       0.00      0.00      0.00        11
      147.0       0.00      0.00      0.00         4
      148.0       0.00      0.00      0.00         3
      149.0       0.00      0.00      0.00         7
      150.0       0.00      0.00      0.00         5
      151.0       0.00      0.00      0.00         2
      152.0       0.00      0.00      0.00         5
      153.0       0.00      0.00      0.00         9
      154.0       0.00      0.00      0.00         6
      155.0       0.00      0.00      0.00         6
      156.0       0.00      0.00      0.00         2
      157.0       0.00      0.00      0.00         3
      158.0       0.00      0.00      0.00         7
      159.0       0.00      0.00      0.00        10
      160.0       0.00      0.00      0.00         7
      161.0       0.00      0.00      0.00         5
      162.0       0.00      0.00      0.00         5
      163.0       0.00      0.00      0.00         7
      164.0       0.00      0.00      0.00         5
      165.0       0.00      0.00      0.00         3
      166.0       0.00      0.00      0.00         6
      167.0       0.00      0.00      0.00         2
      168.0       0.00      0.00      0.00         4
      169.0       0.00      0.00      0.00         4
      170.0       0.00      0.00      0.00         4
      171.0       0.00      0.00      0.00         6
      172.0       0.00      0.00      0.00         5
      173.0       0.00      0.00      0.00         6
      174.0       0.00      0.00      0.00         2
      175.0       0.00      0.00      0.00         3
      176.0       0.00      0.00      0.00         1
      177.0       0.00      0.00      0.00         4
      178.0       0.00      0.00      0.00         3
      179.0       0.00      0.00      0.00         1
      180.0       0.00      0.00      0.00         7
      181.0       0.00      0.00      0.00         5
      182.0       0.00      0.00      0.00         3
      183.0       0.00      0.00      0.00         2
      184.0       0.00      0.00      0.00         5
      185.0       0.00      0.00      0.00         1
      186.0       0.00      0.00      0.00         6
      187.0       0.00      0.00      0.00         2
      188.0       0.00      0.00      0.00         6
      189.0       0.00      0.00      0.00         2
      190.0       0.00      0.00      0.00         1
      191.0       0.00      0.00      0.00         4
      192.0       0.00      0.00      0.00         3
      193.0       0.00      0.00      0.00         2
      194.0       0.00      0.00      0.00         1
      195.0       0.00      0.00      0.00         3
      196.0       0.00      0.00      0.00         2
      197.0       0.00      0.00      0.00         4
      198.0       0.00      0.00      0.00         1
      199.0       0.00      0.00      0.00         6
      200.0       0.00      0.00      0.00         4
      201.0       0.00      0.00      0.00         3
      202.0       0.00      0.00      0.00         2
      203.0       0.00      0.00      0.00         6
      205.0       0.00      0.00      0.00         5
      206.0       0.00      0.00      0.00         4
      207.0       0.00      0.00      0.00         3
      208.0       0.00      0.00      0.00         4
      209.0       0.00      0.00      0.00         4
      211.0       0.00      0.00      0.00         3
      212.0       0.00      0.00      0.00         5
      213.0       0.00      0.00      0.00         1
      214.0       0.00      0.00      0.00         1
      215.0       0.00      0.00      0.00         6
      216.0       0.00      0.00      0.00         3
      217.0       0.00      0.00      0.00         1
      218.0       0.00      0.00      0.00         6
      220.0       0.00      0.00      0.00         2
      221.0       0.00      0.00      0.00         1
      222.0       0.00      0.00      0.00         2
      223.0       0.00      0.00      0.00         1
      224.0       0.00      0.00      0.00         4
      225.0       0.00      0.00      0.00         4
      226.0       0.00      0.00      0.00         3
      227.0       0.00      0.00      0.00         2
      229.0       0.00      0.00      0.00         3
      230.0       0.00      0.00      0.00         1
      231.0       0.00      0.00      0.00         2
      232.0       0.00      0.00      0.00         2
      233.0       0.00      0.00      0.00         2
      234.0       0.00      0.00      0.00         1
      235.0       0.00      0.00      0.00         3
      236.0       0.00      0.00      0.00         1
      237.0       0.00      0.00      0.00         2
      238.0       0.00      0.00      0.00         2
      239.0       0.00      0.00      0.00         2
      240.0       0.00      0.00      0.00         3
      241.0       0.00      0.00      0.00         1
      242.0       0.00      0.00      0.00         3
      243.0       0.00      0.00      0.00         2
      245.0       0.00      0.00      0.00         1
      246.0       0.00      0.00      0.00         4
      247.0       0.00      0.00      0.00         3
      249.0       0.00      0.00      0.00         2
      250.0       0.00      0.00      0.00         1
      251.0       0.00      0.00      0.00         1
      252.0       0.00      0.00      0.00         2
      254.0       0.00      0.00      0.00         3
      255.0       0.00      0.00      0.00         2
      257.0       0.00      0.00      0.00         1
      258.0       0.00      0.00      0.00         2
      259.0       0.00      0.00      0.00         3
      261.0       0.00      0.00      0.00         4
      262.0       0.00      0.00      0.00         3
      263.0       0.00      0.00      0.00         2
      264.0       0.00      0.00      0.00         2
      265.0       0.00      0.00      0.00         2
      267.0       0.00      0.00      0.00         1
      268.0       0.00      0.00      0.00         2
      269.0       0.00      0.00      0.00         1
      270.0       0.00      0.00      0.00         4
      273.0       0.00      0.00      0.00         1
      277.0       0.00      0.00      0.00         2
      278.0       0.00      0.00      0.00         1
      280.0       0.00      0.00      0.00         1
      282.0       0.00      0.00      0.00         1
      283.0       0.00      0.00      0.00         1
      284.0       0.00      0.00      0.00         1
      285.0       0.00      0.00      0.00         2
      286.0       0.00      0.00      0.00         3
      287.0       0.00      0.00      0.00         2
      288.0       0.00      0.00      0.00         1
      289.0       0.00      0.00      0.00         1
      294.0       0.00      0.00      0.00         1
      296.0       0.00      0.00      0.00         1
      299.0       0.00      0.00      0.00         2
      300.0       0.00      0.00      0.00         1
      301.0       0.00      0.00      0.00         1
      302.0       0.00      0.00      0.00         0
      304.0       0.00      0.00      0.00         1
      307.0       0.00      0.00      0.00         4
      308.0       0.00      0.00      0.00         1
      309.0       0.00      0.00      0.00         2
      311.0       0.00      0.00      0.00         0
      313.0       0.00      0.00      0.00         1
      314.0       0.00      0.00      0.00         2
      315.0       0.00      0.00      0.00         2
      316.0       0.00      0.00      0.00         2
      317.0       0.00      0.00      0.00         1
      320.0       0.00      0.00      0.00         1
      321.0       0.00      0.00      0.00         2
      323.0       0.00      0.00      0.00         0
      325.0       0.00      0.00      0.00         2
      327.0       0.00      0.00      0.00         2
      328.0       0.00      0.00      0.00         2
      330.0       0.00      0.00      0.00         1
      331.0       0.00      0.00      0.00         0
      332.0       0.00      0.00      0.00         2
      333.0       0.00      0.00      0.00         1
      336.0       0.00      0.00      0.00         1
      338.0       0.00      0.00      0.00         1
      340.0       0.00      0.00      0.00         1
      341.0       0.00      0.00      0.00         1
      342.0       0.00      0.00      0.00         1
      343.0       0.00      0.00      0.00         2
      346.0       0.00      0.00      0.00         1
      347.0       0.00      0.00      0.00         1
      348.0       0.00      0.00      0.00         1
      349.0       0.00      0.00      0.00         1
      351.0       0.00      0.00      0.00         0
      355.0       0.00      0.00      0.00         2
      367.0       0.00      0.00      0.00         1
      369.0       0.00      0.00      0.00         0
      371.0       0.00      0.00      0.00         1
      373.0       0.00      0.00      0.00         2
      375.0       0.00      0.00      0.00         0
      378.0       0.00      0.00      0.00         1
      380.0       0.00      0.00      0.00         2
      382.0       0.00      0.00      0.00         1
      383.0       0.00      0.00      0.00         1
      388.0       0.00      0.00      0.00         1
      389.0       0.00      0.00      0.00         1
      392.0       0.00      0.00      0.00         1
      398.0       0.00      0.00      0.00         0
      400.0       0.00      0.00      0.00         1
      406.0       0.00      0.00      0.00         0
      407.0       0.00      0.00      0.00         1
      408.0       0.00      0.00      0.00         2
      412.0       0.00      0.00      0.00         2
      414.0       0.00      0.00      0.00         1
      417.0       0.00      0.00      0.00         0
      418.0       0.00      0.00      0.00         1
      425.0       0.00      0.00      0.00         1
      427.0       0.00      0.00      0.00         0
      429.0       0.00      0.00      0.00         2
      431.0       0.00      0.00      0.00         1
      433.0       0.00      0.00      0.00         1
      439.0       0.00      0.00      0.00         1
      440.0       0.00      0.00      0.00         1
      442.0       0.00      0.00      0.00         1
      443.0       0.00      0.00      0.00         2
      447.0       0.00      0.00      0.00         0
      452.0       0.00      0.00      0.00         1
      453.0       0.00      0.00      0.00         0
      460.0       0.00      0.00      0.00         1
      467.0       0.00      0.00      0.00         1
      469.0       0.00      0.00      0.00         1
      474.0       0.00      0.00      0.00         0
      487.0       0.00      0.00      0.00         1
      489.0       0.00      0.00      0.00         1
      490.0       0.00      0.00      0.00         0
      493.0       0.00      0.00      0.00         1
      497.0       0.00      0.00      0.00         1
      499.0       0.00      0.00      0.00         0
      504.0       0.00      0.00      0.00         0
      507.0       0.00      0.00      0.00         1
      508.0       0.00      0.00      0.00         1
      530.0       0.00      0.00      0.00         1
      533.0       0.00      0.00      0.00         1
      534.0       0.00      0.00      0.00         0
      537.0       0.00      0.00      0.00         1
      547.0       0.00      0.00      0.00         1
      555.0       0.00      0.00      0.00         0
      560.0       0.00      0.00      0.00         0
      564.0       0.00      0.00      0.00         1
      568.0       0.00      0.00      0.00         1
      569.0       0.00      0.00      0.00         1
      573.0       0.00      0.00      0.00         1
      595.0       0.00      0.00      0.00         0
      601.0       0.00      0.00      0.00         0
      602.0       0.00      0.00      0.00         0
      611.0       0.00      0.00      0.00         1
      616.0       0.00      0.00      0.00         0
      626.0       0.00      0.00      0.00         1
      642.0       0.00      0.00      0.00         0
      643.0       0.00      0.00      0.00         1
      644.0       0.00      0.00      0.00         0
      651.0       0.00      0.00      0.00         1
      654.0       0.00      0.00      0.00         1
      663.0       0.00      0.00      0.00         1
      679.0       0.00      0.00      0.00         0
      681.0       0.00      0.00      0.00         1
      685.0       0.00      0.00      0.00         1
      693.0       0.00      0.00      0.00         1
      703.0       0.00      0.00      0.00         1
      716.0       0.00      0.00      0.00         1
      720.0       0.00      0.00      0.00         0
      727.0       0.00      0.00      0.00         0
      736.0       0.00      0.00      0.00         0
      739.0       0.00      0.00      0.00         1
      741.0       0.00      0.00      0.00         1
      743.0       0.00      0.00      0.00         0
      744.0       0.00      0.00      0.00         1
      753.0       0.00      0.00      0.00         0
      755.0       0.00      0.00      0.00         1
    